Probe radius  :  1.400
  Residue      Total   Apolar  Backbone Sidechain Ratio(%) In/Out
 ALA      1    55.23    53.07    19.51    35.73     55.1     o
 GLU      2    94.56    32.80    26.91    67.65     47.9      
 ILE      3   102.67    78.40    33.56    69.12     46.9      
 TYR      4   105.37    79.42     6.73    98.65     51.1     o
 ASN      5    71.74    12.24     9.41    62.33     54.5     o
 LYS      6   140.67    96.00     5.24   135.43     82.3     o
 ASP      7   146.94    49.35    44.64   102.30     90.5     o
 GLY      8    33.85    26.75    33.85     0.00     38.8      
 ASN      9    47.39    16.40     0.07    47.32     41.4      
 LYS     10    80.84    48.97     0.32    80.52     48.9      
 VAL     11    40.17    40.17     0.07    40.10     32.8      
 ASP     12    36.76    12.84     0.00    36.76     32.5      
 LEU     13    61.54    61.54     0.00    61.54     42.1      
 TYR     14    31.01    31.01     0.00    31.01     16.1     i
 GLY     15     2.62     2.28     2.62     0.00      3.0     i
 LYS     16    67.15    25.30     4.37    62.78     38.2      
 ALA     17    58.12    56.03     2.65    55.47     85.5     o
 VAL     18     1.24     0.84     0.77     0.47      0.4     i
 GLY     19    29.30    26.55    29.30     0.00     33.6      
 LEU     20     7.80     5.68     4.82     2.98      2.0     i
 HIS     21    72.71    57.81     0.00    72.71     47.0      
 TYR     22    15.67     3.97     0.00    15.67      8.1     i
 PHE     23   105.27   102.87     3.34   101.94     56.6     o
 SER     24    15.37     7.86    15.37     0.00      0.0     i
 LYS     25   145.95   116.42    14.49   131.47     79.9     o
 GLY     26    73.72    52.59    73.72     0.00     84.5     o
 ASN     27   130.39    35.29    20.76   109.64     95.9     o
 GLY     28     7.07     0.38     7.07     0.00      8.1     i
 GLU     29   142.01    53.55    17.28   124.73     88.3     o
 ASN     30    72.34    31.97     1.83    70.51     61.7     o
 SER     31    10.06     0.00    10.06     0.00      0.0     i
 TYR     32    56.92    30.71    26.76    30.16     15.6     i
 GLY     33    22.77    12.91    22.77     0.00     26.1      
 GLY     34    24.55    23.84    24.55     0.00     28.2      
 ASN     35    68.12     1.50    28.18    39.94     34.9      
 GLY     36    20.29    20.29    20.29     0.00     23.3      
 ASP     37    67.18    34.05     8.32    58.86     52.1     o
 MET     38    66.32    65.12     1.20    65.12     41.1      
 THR     39    44.33    36.05     0.00    44.33     41.7      
 TYR     40    41.21    24.89     0.87    40.35     20.9      
 ALA     41    37.17    37.17     0.00    37.17     57.3     o
 CYS     42     7.98     3.40     4.02     3.96      3.9     i
 LEU     43    66.13    66.13     0.00    66.13     45.2      
 GLY     44     0.00     0.00     0.00     0.00      0.0     i
 PHE     45    83.06    83.06     0.00    83.06     46.1      
 LYS     46    89.26    59.16     2.98    86.28     52.5     o
 GLY     47    14.65    12.65    14.65     0.00     16.8     i
 GLU     48    59.88     8.76     2.17    57.71     40.9      
 THR     49    49.59    35.19     0.00    49.59     46.7      
 GLN     50   110.24    24.80    16.23    94.01     65.4     o
 ILE     51    93.19    74.36    25.98    67.20     45.6      
 ASN     52    82.49    48.87    17.16    65.33     57.2     o
 SER     53   113.07    46.18    36.47    76.59     99.0     o
 ASP     54    70.46     5.40     9.41    61.05     54.0     o
 LEU     55    48.97    48.91     0.12    48.85     33.4      
 THR     56    22.25     2.49     0.00    22.25     20.9      
 GLY     57     5.88     5.88     5.88     0.00      6.7     i
 TYR     58    38.45    32.17    12.02    26.43     13.7     i
 GLY     59    16.35    14.46    16.35     0.00     18.8     i
 GLN     60    30.38     2.17     2.92    27.46     19.1     i
 TRP     61    73.71    70.37     0.00    73.71     32.8      
 GLU     62    29.24     1.59     0.00    29.24     20.7      
 TYR     63    50.32    26.36     0.00    50.32     26.1      
 ASN     64     4.68     0.01     0.00     4.68      4.1     i
 PHE     65    81.95    81.65     0.30    81.65     45.3      
 GLN     66    43.06     7.28    15.12    27.94     19.4     i
 GLY     67    41.82    22.98    41.82     0.00     48.0      
 ASN     68    53.91     7.28    30.23    23.68     20.7      
 ASN     69    40.09     6.84    26.48    13.60     11.9     i
 SER     70    65.71    59.38    15.71    50.00     64.6     o
 GLU     71   178.28    67.87    30.13   148.15    100.0     o
 GLY     72    46.35    40.15    46.35     0.00     53.2     o
 ALA     73   118.28    92.13    42.46    75.82    100.0     o
 ASP     74    66.07    42.70     7.74    58.33     51.6     o
 ALA     75    36.38    27.78     9.01    27.37     42.2      
 GLN     76   129.80    60.98     4.85   124.95     86.9     o
 THR     77    90.03    71.24    12.24    77.80     73.3     o
 GLY     78    34.31    29.08    34.31     0.00     39.3      
 ASN     79    36.62     3.00    21.28    15.35     13.4     i
 LYS     80   100.85    64.39     6.42    94.43     57.4     o
 THR     81    44.13    27.46     8.35    35.78     33.7      
 ARG     82    39.95    18.90     1.63    38.32     19.6     i
 LEU     83    14.16    14.16     0.00    14.16      9.7     i
 ALA     84    41.23    36.72     6.96    34.27     52.8     o
 PHE     85    30.45    26.36    12.55    17.90      9.9     i
 ALA     86    67.75    63.71     4.04    63.71     98.2     o
 GLY     87    10.99     8.09    10.99     0.00     12.6     i
 LEU     88    95.32    93.33     1.99    93.33     63.8     o
 LYS     89    78.63    55.99     0.18    78.46     47.7      
 TYR     90   107.23    69.68     0.09   107.13     55.5     o
 ALA     91    60.63    36.51    37.46    23.16     35.7      
 ASP     92    85.68    17.82     6.72    78.96     69.9     o
 VAL     93    77.03    77.03     0.24    76.79     62.8     o
 GLY     94    15.69    11.88    15.69     0.00     18.0     i
 SER     95    21.21    12.77     2.67    18.54     24.0      
 PHE     96    99.93    99.93     0.01    99.92     55.5     o
 ASP     97     9.32     0.17     0.17     9.15      8.1     i
 TYR     98   124.49    90.17     4.40   120.09     62.2     o
 GLY     99    14.16    14.16    14.16     0.00     16.2     i
 ARG    100    43.95    26.99     1.35    42.60     21.8      
 ASN    101    19.18     1.08     0.00    19.18     16.8     i
 TYR    102    68.86    42.90     2.24    66.62     34.5      
 GLY    103     0.04     0.00     0.04     0.00      0.0     i
 VAL    104     0.00     0.00     0.00     0.00      0.0     i
 VAL    105     1.56     1.56     0.00     1.56      1.3     i
 TYR    106    40.96    26.02     0.25    40.71     21.1      
 ASP    107    39.29    18.63    15.80    23.48     20.8      
 ALA    108     0.00     0.00     0.00     0.00      0.0     i
 LEU    109     7.19     6.93     0.25     6.93      4.7     i
 GLY    110    22.70    13.19    22.70     0.00     26.0      
 TYR    111    20.23    19.96     1.78    18.45      9.6     i
 THR    112     1.91     0.34     1.07     0.83      0.8     i
 ASP    113    51.58     1.22    14.68    36.90     32.7      
 MET    114    79.48    69.64    18.13    61.35     38.8      
 LEU    115    16.71     1.00    15.71     1.00      0.7     i
 PRO    116    28.47    13.04    26.02     2.45      2.3     i
 GLU    117    43.91     4.37    24.99    18.93     13.4     i
 PHE    118    23.29    17.61    11.79    11.49      6.4     i
 GLY    119    15.36     1.47    15.36     0.00     17.6     i
 GLY    120    15.83     3.83    15.83     0.00     18.2     i
 ASP    121    25.32    11.33    15.30    10.02      8.9     i
 THR    122     8.89     7.57     0.72     8.16      7.7     i
 ALA    123    19.85     4.92    15.10     4.76      7.3     i
 TYR    124    54.72    48.23     9.77    44.95     23.3      
 SER    125    32.67    20.40     1.19    31.48     40.7      
 ASP    126    20.74     5.52     3.59    17.15     15.2     i
 ASP    127     3.61     1.75     1.93     1.68      1.5     i
 PHE    128     2.46     1.90     0.55     1.90      1.1     i
 PHE    129     0.65     0.65     0.00     0.65      0.4     i
 VAL    130     5.69     5.69     0.00     5.69      4.6     i
 GLY    131     2.51     2.22     2.51     0.00      2.9     i
 ARG    132    39.90     2.52     0.13    39.78     20.3      
 VAL    133     3.82     3.82     0.01     3.81      3.1     i
 GLY    134    11.34    10.72    11.34     0.00     13.0     i
 GLY    135    17.25    13.02    17.25     0.00     19.8     i
 VAL    136     0.00     0.00     0.00     0.00      0.0     i
 ALA    137    18.25    18.24     0.01    18.24     28.1      
 THR    138     3.90     3.76     0.77     3.12      2.9     i
 TYR    139    53.57    52.55     0.04    53.53     27.7      
 ARG    140    77.04    51.24     1.58    75.46     38.6      
 ASN    141     1.62     0.36     1.59     0.03      0.0     i
 SER    142    68.70    36.40     4.06    64.64     83.5     o
 ASN    143    50.02     1.35     0.00    50.02     43.8      
 PHE    144    79.91    79.91     0.00    79.91     44.4      
 PHE    145    84.37    74.31    10.06    74.31     41.3      
 GLY    146    38.53    13.74    38.53     0.00     44.2      
 LEU    147   141.99   113.97    31.37   110.62     75.7     o
 VAL    148    65.78    65.78     5.40    60.38     49.4      
 ASP    149   118.84    41.56    10.09   108.75     96.2     o
 GLY    150    13.98    13.33    13.98     0.00     16.0     i
 LEU    151    48.21    48.21     0.00    48.21     33.0      
 ASN    152    37.57    18.71     0.00    37.57     32.9      
 PHE    153    55.10    54.06     4.17    50.94     28.3      
 ALA    154     4.14     1.74     2.40     1.74      2.7     i
 VAL    155    38.89    38.87     0.02    38.87     31.8      
 GLN    156     0.00     0.00     0.00     0.00      0.0     i
 TYR    157   120.19    87.84     0.94   119.25     61.8     o
 LEU    158     3.20     0.00     3.20     0.00      0.0     i
 GLY    159    34.69    34.10    34.69     0.00     39.8      
 LYS    160   104.86    48.24    21.68    83.18     50.6     o
 ASN    161    27.66     6.57     5.87    21.79     19.1     i
 GLU    162   117.55    28.21    33.02    84.53     59.9     o
 ARG    163    99.54    44.96    15.85    83.69     42.8      
 ASP    164   146.34    46.61    27.49   118.85    100.0     o
 THR    165    58.91    28.65     4.67    54.25     51.1     o
 ALA    166    10.51     8.67     1.84     8.67     13.4     i
 ARG    167    63.65    44.84     1.89    61.76     31.6      
 ARG    168    94.28    38.64     2.87    91.42     46.8      
 SER    169     3.23     0.68     2.59     0.64      0.8     i
 ASN    170     4.62     2.20     0.00     4.62      4.0     i
 GLY    171     0.15     0.15     0.15     0.00      0.2     i
 ASP    172    74.83    29.18     1.47    73.36     64.9     o
 GLY    173    10.95     8.64    10.95     0.00     12.6     i
 VAL    174    76.26    72.90     3.35    72.90     59.6     o
 GLY    175     3.56     3.56     3.56     0.00      4.1     i
 GLY    176    24.20    21.51    24.20     0.00     27.8      
 SER    177     9.26     4.26     5.46     3.80      4.9     i
 ILE    178   114.47   111.80     2.86   111.61     75.8     o
 SER    179    18.46    12.26     1.60    16.85     21.8      
 TYR    180    85.37    60.65     0.95    84.41     43.7      
 GLU    181    82.73    17.18    10.57    72.16     51.1     o
 TYR    182   138.81   103.01     1.97   136.83     70.9     o
 GLU    183   133.04    62.66    27.34   105.70     74.9     o
 GLY    184    21.45    13.43    21.45     0.00     24.6      
 PHE    185   115.95   114.33     1.63   114.33     63.5     o
 GLY    186     1.30     1.16     1.30     0.00      1.5     i
 ILE    187    90.25    90.25     0.00    90.25     61.3     o
 VAL    188     5.77     4.48     3.99     1.78      1.5     i
 GLY    189    30.58    28.67    30.58     0.00     35.1      
 ALA    190     4.97     2.57     4.97     0.00      0.0     i
 TYR    191   103.11    89.27     0.23   102.88     53.3     o
 GLY    192     0.08     0.00     0.08     0.00      0.1     i
 ALA    193    20.39    18.74     1.65    18.74     28.9      
 ALA    194     0.01     0.01     0.00     0.01      0.0     i
 ASP    195    59.84    14.72     0.00    59.84     53.0     o
 ARG    196    13.09     0.03    11.29     1.81      0.9     i
 THR    197    10.05    10.05     5.89     4.15      3.9     i
 ASN    198   130.32    37.41     8.09   122.23    100.0     o
 LEU    199    74.02    74.02     2.65    71.38     48.8      
 GLN    200     1.46     0.09     0.51     0.95      0.7     i
 GLU    201    61.90    19.46    23.37    38.54     27.3      
 ALA    202    78.99    56.46    36.49    42.50     65.5     o
 GLN    203    38.12     0.71     9.43    28.69     20.0     i
 PRO    204    91.15    74.65    30.58    60.56     57.6     o
 LEU    205     6.72     6.53     0.19     6.53      4.5     i
 GLY    206     9.16     0.00     9.16     0.00     10.5     i
 ASN    207   122.73    24.43    19.95   102.78     89.9     o
 GLY    208    23.41    22.60    23.41     0.00     26.8      
 LYS    209   155.34   116.39     7.15   148.19     90.1     o
 LYS    210    96.98    70.97     3.32    93.66     56.9     o
 ALA    211     1.04     0.12     0.91     0.12      0.2     i
 GLU    212    55.91     2.00     0.44    55.48     39.3      
 GLN    213     1.54     1.08     0.00     1.54      1.1     i
 TRP    214    76.67    69.94     1.54    75.14     33.5      
 ALA    215     2.13     2.05     0.08     2.05      3.2     i
 THR    216    55.98    42.01     0.13    55.85     52.6     o
 GLY    217     2.28     2.11     2.28     0.00      2.6     i
 LEU    218   105.26   104.97     0.29   104.97     71.8     o
 LYS    219    32.56     8.05     5.11    27.45     16.7     i
 TYR    220    53.43    38.68     0.00    53.43     27.7      
 ASP    221    65.99     6.44     9.72    56.28     49.8      
 ALA    222    40.10    40.10    13.59    26.51     40.9      
 ASN    223   109.96    32.06    21.86    88.10     77.1     o
 ASN    224    68.24    13.02    17.52    50.72     44.4      
 ILE    225    60.68    58.32     2.85    57.83     39.3      
 TYR    226    13.93    10.12     0.00    13.93      7.2     i
 LEU    227    88.67    87.78     0.89    87.78     60.0     o
 ALA    228     5.31     2.01     5.31     0.00      0.0     i
 ALA    229    36.13    35.15     0.98    35.15     54.2     o
 ASN    230     3.34     2.23     3.30     0.04      0.0     i
 TYR    231    76.43    70.68     0.13    76.29     39.5      
 GLY    232     3.13     2.76     3.13     0.00      3.6     i
 GLU    233    23.08     0.11     0.01    23.07     16.3     i
 THR    234    11.42    11.42     0.60    10.82     10.2     i
 ARG    235    88.46    35.34     0.00    88.46     45.2      
 ASN    236    11.56     0.00     0.15    11.41     10.0     i
 ALA    237     0.34     0.34     0.00     0.34      0.5     i
 THR    238     6.31     2.11     0.44     5.87      5.5     i
 PRO    239    23.04    13.51     9.55    13.49     12.8     i
 ILE    240    12.48    11.61    10.58     1.90      1.3     i
 THR    241    67.02    37.10     7.33    59.69     56.2     o
 ASN    242     9.42     0.14     0.00     9.42      8.2     i
 LYS    243   103.28    77.20    15.44    87.83     53.4     o
 PHE    244   142.33   118.02    30.32   112.00     62.2     o
 THR    245    93.12    72.84    30.36    62.76     59.1     o
 ASN    246   118.10    29.08    23.46    94.64     82.8     o
 THR    247    33.21    14.60     5.83    27.38     25.8      
 SER    248    46.37    34.41     1.08    45.29     58.5     o
 GLY    249     4.84     2.56     4.84     0.00      5.6     i
 PHE    250     3.47     3.47     0.00     3.47      1.9     i
 ALA    251     0.00     0.00     0.00     0.00      0.0     i
 ASN    252    28.65    14.43     2.35    26.30     23.0      
 LYS    253    31.06    20.23     0.00    31.06     18.9     i
 THR    254     0.16     0.10     0.00     0.16      0.2     i
 GLN    255    47.42     1.85     0.33    47.09     32.8      
 ASP    256     5.46     0.76     0.00     5.46      4.8     i
 VAL    257    45.95    45.95     0.00    45.95     37.6      
 LEU    258     4.18     4.18     0.03     4.15      2.8     i
 LEU    259    76.73    76.47     0.26    76.47     52.3     o
 VAL    260     8.20     4.75     5.30     2.90      2.4     i
 ALA    261    36.36    35.36     1.00    35.36     54.5     o
 GLN    262     8.14     6.02     7.48     0.67      0.5     i
 TYR    263    83.78    52.45     0.23    83.54     43.3      
 GLN    264    41.95    32.87     0.17    41.79     29.1      
 PHE    265    79.19    78.04     2.73    76.46     42.5      
 ASP    266   139.15    46.34    35.38   103.77     91.8     o
 PHE    267   132.20   126.06    18.51   113.69     63.1     o
 GLY    268    10.96    10.96    10.96     0.00     12.6     i
 LEU    269    54.91    54.91     0.00    54.91     37.6      
 ARG    270    45.40    15.72     0.00    45.40     23.2      
 PRO    271    42.37    42.12     0.25    42.12     40.0      
 SER    272     1.09     0.69     0.94     0.14      0.2     i
 ILE    273    95.19    94.70     0.48    94.70     64.3     o
 ALA    274     2.75     2.44     2.31     0.44      0.7     i
 TYR    275    53.50    38.78     0.03    53.47     27.7      
 THR    276     2.28     0.00     0.00     2.28      2.1     i
 LYS    277    56.61    18.49     0.00    56.61     34.4      
 SER    278     0.91     0.00     0.00     0.91      1.2     i
 LYS    279    42.32    33.95     0.00    42.32     25.7      
 ALA    280     0.00     0.00     0.00     0.00      0.0     i
 LYS    281    40.41    40.12     0.00    40.41     24.6      
 ASP    282    91.83    28.49    12.05    79.77     70.6     o
 VAL    283     2.49     0.00     2.49     0.00      0.0     i
 GLU    284    63.62    46.43    17.63    46.00     32.6      
 GLY    285    84.51    46.68    84.51     0.00     96.9     o
 ILE    286    46.84    22.50    28.85    17.99     12.2     i
 GLY    287    32.55    32.30    32.55     0.00     37.3      
 ASP    288    83.59    25.72    22.33    61.26     54.2     o
 VAL    289     9.71     9.71     5.41     4.30      3.5     i
 ASP    290    30.78    10.78     1.73    29.04     25.7      
 LEU    291    15.86     9.82     6.04     9.82      6.7     i
 VAL    292    18.73    18.73     2.92    15.81     12.9     i
 ASN    293    19.14     0.00     0.32    18.82     16.5     i
 TYR    294     0.59     0.59     0.00     0.59      0.3     i
 PHE    295    96.46    96.46     0.00    96.46     53.6     o
 GLU    296     0.46     0.00     0.46     0.00      0.0     i
 VAL    297    68.98    68.97     0.01    68.97     56.4     o
 GLY    298     8.64     6.12     8.64     0.00      9.9     i
 ALA    299    31.46    30.43     1.03    30.43     46.9      
 THR    300     9.34     8.35     0.72     8.62      8.1     i
 TYR    301    77.20    47.66     0.01    77.19     40.0      
 TYR    302    91.07    61.20     5.82    85.25     44.1      
 PHE    303   121.12    95.37    28.70    92.42     51.3     o
 ASN    304    83.98    42.55    15.84    68.14     59.6     o
 LYS    305   186.45   129.78    24.57   161.88     98.4     o
 ASN    306    46.71     9.95     0.43    46.28     40.5      
 MET    307    56.37    56.18     1.41    54.96     34.7      
 SER    308    11.26     4.09     0.00    11.26     14.6     i
 THR    309    36.92    29.57     0.30    36.62     34.5      
 TYR    310    16.89    14.20     4.81    12.07      6.3     i
 VAL    311    67.63    67.63     0.00    67.63     55.3     o
 ASP    312     0.00     0.00     0.00     0.00      0.0     i
 TYR    313    76.88    51.07     0.00    76.88     39.8      
 ILE    314     0.00     0.00     0.00     0.00      0.0     i
 ILE    315    59.81    59.81     0.00    59.81     40.6      
 ASN    316    15.46     0.00    13.64     1.82      1.6     i
 GLN    317    71.30    16.33    19.74    51.56     35.9      
 ILE    318    11.50     6.32     8.02     3.48      2.4     i
 ASP    319    89.22    45.38     6.74    82.48     73.0     o
 SER    320    98.05    44.42    30.43    67.62     87.4     o
 ASP    321   109.60    33.61    13.70    95.90     84.9     o
 ASN    322    12.04     8.87     8.39     3.65      3.2     i
 LYS    323   123.17    77.01     3.84   119.33     72.5     o
 LEU    324     1.60     1.45     0.15     1.45      1.0     i
 GLY    325    11.95     9.07    11.95     0.00     13.7     i
 VAL    326    42.51    39.33     4.57    37.95     31.0      
 GLY    327     4.59     2.08     4.59     0.00      5.3     i
 SER    328    21.92     7.21     8.68    13.24     17.1     i
 ASP    329    30.91     3.15     3.15    27.75     24.6      
 ASP    330    38.52     9.85     1.68    36.84     32.6      
 THR    331     0.08     0.08     0.08     0.00      0.0     i
 VAL    332    42.75    42.75     0.00    42.75     35.0      
 ALA    333     0.00     0.00     0.00     0.00      0.0     i
 VAL    334    64.56    63.41     1.15    63.41     51.8     o
 GLY    335     1.38     1.27     1.38     0.00      1.6     i
 ILE    336    93.28    90.15     3.13    90.15     61.2     o
 VAL    337    13.25    13.25     0.00    13.25     10.8     i
 TYR    338   102.54    75.36     0.09   102.45     53.1     o
 GLN    339    70.93     7.56     0.00    70.93     49.4      
 PHE    340    85.10    68.38    13.81    71.28     39.6      
 ---------------------------------------------
 POLAR  area/energy         =         6026.70
 APOLAR area/energy         =        10386.07
 UNKNOW area/energy         =            0.00
 ---------------------------------------------
 Total  area/energy         =        16412.77
 ---------------------------------------------
 Number of surface atoms    =         1586
 Number of buried atoms     =         1036
 Number of atoms with ASP=0 =            0
